0.0572	Beryllium
0.1116
0.644
1.22
1.82
2.412
4.758
9.472
14.23
16.642
17.862
18.506
19.093
19.737
20.313
20.527
20.742
20.956
20.957
21.167
21.383
21.505
21.602
0.347	Polystyrene
0.691
1.371
3.92
5.9
8.875
11.831
15.751
0.316	Carbon
0.575
0.67
0.946
1.616
0.094	Lexan
0.185
0.367
0.73
1.455
0.093	Nylon
0.186
0.367
0.735
1.504
3.01
0.366	Lucite
0.736
1.449
0.055	Teflon
0.112
0.224
0.46
1.072
7.051
9.911
18.471
19.908
21.241
0.216	Aluminum
0.871
2.1729
3.35
7.096
11.957
13.569
17.723
21.245
21.915
22.11
22.33
0.045	Copper
0.091
0.314
0.136
0.181
0.342
0.453
0.906
1.45
4.456
10.13
21.14
24.25
25.55
25.67
25.78
25.89
26.01
26.12
26.35
0.19	Zinc
0.379
1.342	Brass
4.004
5.466
8.008
10.868
21.714
24.398
25.74
25.958
26.167
26.385
26.594
0.0875	Tin
0.1748
0.345
0.029	Lead
0.058
0.086
0.23
0.454
0.907
1.823
3.508
4.491
9.517
17.516
20.196
22.756
25.456
28.336
31.566
34.346
34.806
35.26
3.63	Uranium
6.0325
7.72
13.75
17.43
